%h1
t2order(1:14,:,1) = [  10, 0, 1;
                        9, 0, 0;
                        13, 0, 0;
                        11,0, 1;
                        10, 0, 1;
                        11, 2, 0;
                        10, 0, 0;
                        11,0,1;
                        12,1,0;
                        13,0,1;
                        8,0,0;
                        15,1,1;
                        16, 2, 0;
                        21, 1, 1;
                    ];
t3order(1:17,:,1) = [   22, 0, 1;
                        17, 2, 0;
                        19, 1, 1;
                        18, 0, 0;
                        22, 0, 0;
                        26, 0, 1;
                        17, 0, 0;
                        17, 0, 0;
                        21, 0, 1;
                        24, 3, 1;
                        18, 1, 0;
                        27, 0, 1;
                        17, 0, 0;
                        19, 0, 0;
                        17, 0, 1;
                        23, 8, 0;
                        21, 3, 1;
                    ];
                
%h2 

t2order(1:14, :, 2) = [ 17, 0, 1;
                        19, 0, 1;
                        13, 1, 0;
                        13, 0, 0;
                        29, 3, 1;
                        9, 0, 0;
                        11, 0, 0;
                        12, 1, 0;
                        25, 0, 1;
                        20, 0, 1;
                        14, 1, 0;
                        19, 0, 1;
                        24, 1, 0;
                        21, 1, 1;
                      ];
t3order(1:14, :, 2) = [ 17, 0, 0;
                        17, 1, 1;
                        15, 0, 0;
                        0, 0, -1;
                        12, 0, 1;
                        6, 0, 0;
                        17, 0, 1;
                        8, 0, 0;
                        11, 0, 1;
                        7, 0, 0;
                        0, 0, -1;
                        20, 2, 1;
                        18, 2, 0;
                        27, 4, 1;
                       ];
                   
                   
                   
%h3 

t2order(1:14, :, 3) = [ 15, 1, 1;
                        13, 1, 0;
                        12, 0, 0;
                        14, 1, 0;
                        17, 0, 1;
                        17, 0, 1;
                        18, 2, 1;
                        16, 3, 0;
                        12, 1, 0;
                        17, 2, 1;
                        15, 1, 1;
                        15, 2, 0;
                        26, 3, 0;
                        22, 3, 1;
                        
                        ];
t3order(1:14, :, 3) = [ 4, 0, 0;
                        10, 0, 0;
                        11, 1, 1;
                        6, 0, 0;
                        20, 0, 1;
                        8, 0, 1;
                        18, 2, 0;
                        9, 0, 1;
                        8, 0, 0;
                        17, 3, 1;
                        8, 0, 1;
                        9, 0, 0;
                        10, 2, 0;
                        46, 5, 1;
                        
                        ];

%h4

t2order(1:14,:,4) = [   16, 0, 0;
                        14, 0, 0;
                        10, 0, 0;
                        8, 0, 0; 
                        9, 0, 1;
                        16, 0, 1;
                        8, 0, 1;
                        9, 0, 1;
                        19, 0, 1;
                        10, 2, 0;
                        13, 2, 1;
                        8, 0, 1;
                        9, 2, 0;
                        23, 2, 1;
                ];

t3order(1:14,:,4) = [ 13, 0, 0;
                      14, 1, 0;
                      18, 2, 0;
                      15, 0, 1;
                      16, 0, 0;
                      21, 3, 1;
                      13, 0, 0;
                      17, 1, 1;
                      16, 1, 0;
                      15, 1, 0;
                      20, 1, 1;
                      13, 1, 0;
                      14, 3, 0;
                      23, 3, 1;
                    ];

%h5

t2order(1:14, :, 5) = [ 9, 0, 1;
                        13, 0, 1;
                        34, 0, 1;
                        8, 0, 1;
                        9, 0, 0;
                        15, 2, 1;
                        10, 2, 0;
                        11, 0, 0;
                        12, 0, 1;
                        16, 0, 0;
                        5, 0, 0;
                        8, 0, 1;
                        26, 4, 0;
                        38, 3, 1;
                   ];
t3order(1:17, :, 5) = [ 14, 1, 0;
                        12, 1, 0;
                        17, 0, 1;
                        12, 0, 1;
                        14, 1, 0;
                        13, 1, 1;
                        15, 1, 0;
                        14, 0, 0;
                        13, 0, 1;
                        13, 0, 1;
                        19, 0, 1;
                        11, 1, 0;
                        13, 1, 0;
                        11, 0, 1;
                        12, 0, 0;
                        29, 5, 0;
                        21, 3, 1;
                    ];
%h6;

t2order(1:14, :, 6) = [ 18, 3, 0;
                        11, 0, 1;
                        22, 3, 0;
                        6, 0, 0;
                        10, 0, 1;
                        9, 0, 1;
                        7, 1, 0;
                        26, 2, 1;
                        11, 0, 1;
                        10, 1, 0;
                        11, 0, 1;
                        16, 3, 0;
                        16, 4, 0;
                        40, 6, 1;
                        ];
t3order(1:14,:,6) = [   34, 3, 1;
                        14, 2, 0;
                        12, 2, 0;
                        19, 1, 1;
                        33, 3, 1;
                        11, 1, 0;
                        16, 4, 0;
                        19, 4, 1;
                        29, 3, 1;
                        10, 1, 0;
                        13, 2, 1;
                        11, 2, 0;
                        22, 3, 0;
                        17, 2, 1;
                    ];
% 
% %h7
% 
t2order(1:19,:,7) = [   25, 6, 0;
                        27, 3, 1;
                        23, 7, 0;
                        15, 4, 0;
                        27, 3, 1;
                        21, 1, 1;
                        50, 12, 1;
                        21, 1, 1;
                        17, 1, 1;
                        28, 5, 0;
                        9, 1, 0;
                        10, 1, 0;
                        23, 1, 1;
                        13, 1, 0;
                        17, 4, 0;
                        23, 1, 1;
                        20, 3, 0;
                        25, 2, 1;
                        25,6,0; % this is just made up data, verify the original sheets. 
                    ];
t3order(1:22, :, 7) = [ 38, 5, 0;
                        14, 1, 0;
                        12, 1, 0;
                        13, 0, 1;
                        4, 0, 0;
                        18, 4, 0;
                        19, 1, 1;
                        28, 3, 1;
                        14, 1, 0;
                        20, 2, 1;
                        24, 4, 0;
                        19, 1, 1;
                        19, 3, 0;
                        15, 0, 1;
                        19, 1, 0;
                        30, 6, 0;
                        17, 0, 1;
                        14, 0, 1;
                        17, 1, 1;
                        15, 0, 0;
                        30, 5, 0;
                        28, 4, 1;
                        
                        ];
% %h8
% 
