qAnsData(1, :) = [6,5,6,6,5,6,5,5,4,6,6,4,3,6,4,6,5,7,7];
qAnsData(2, :) = [5,5,6,4,6,6,5,5,5,6,6,5,4,6,5,6,6,7,7];
qAnsData(3, :) = [5,6,6,5,6,5,5,6,5,4,5,4,5,5,5,6,7,7,7];
qAnsData(4, :) = [6,6,7,6,7,7,6,3,5,5,6,5,2,5,5,6,7,7,7];
qAnsData(5, :) = [5,5,6,5,5,4,6,4,3,2,4,5,6,5,3,7,7,7,7];
qAnsData(6, :) = [0,6,7,7,7,6,7,7,7,5,6,5,2,7,7,7,4,7,7];
qAnsData(7, :) = [6,6,5,7,7,5,4,5,5,5,5,4,2,7,6,6,6,7,7];
qAnsData(8, :) = [0,6,6,6,6,6,3,5,6,5,6,5,2,6,6,6,6,7,7];
qAnsData(9, :) = [0,7,4,6,6,5,6,7,5,5,6,4,2,7,7,7,7,7,7];
qAnsData(10,:) = [5,6,5,6,5,5,5,4,3,4,4,4,5,3,6,6,6,6,6];
qAnsData(11,:) = [6,6,7,7,7,7,7,6,7,6,6,6,2,6,6,7,7,7,7];
qAnsData(12,:) = [6,7,7,7,7,6,6,6,6,5,6,6,1,6,5,7,7,7,7];
qAnsData(13,:) = [6,6,2,4,6,6,7,6,6,6,6,6,2,5,6,7,7,7,7];
qAnsData(14, :) = [4,5,5,4,3,5,4,4,3,5,5,4,5,5,5,6,4,4,4];
qAnsData(15, :) = [7,7,5,5,5,7,5,5,7,7,7,6,4,7,7,7,5,7,7];
qAnsData(16, :) = [7,7,7,5,7,7,7,4,4,7,6,7,1,5,7,7,7,7,7];
qAnsData(17, :) = [7,4,2,2,5,4,6,4,3,3,3,6,4,5,6,7,7,7,7];
